start=3406.700000
fullscreen=yes
sid=1
sub-scale=0.800000
